0) 10
1) 10
2) 10
3) 10
4) 10
5) 10
6) 10
7) 10
8) 10
9) 10
10) 10
11) 10
12) 10
13) 10
14) 10
15) 10
16) -10
17) -10
18) -10
19) -10
20) -10
21) -10
22) -10
23) -10
24) -10
25) -10
26) -10
27) -10
28) -10
29) -10
30) -10
31) -10
32) 0
33) 0
34) 0
35) 0
36) 0
37) 0
38) 0
39) 0
40) 0
41) 0
42) 0
43) 0
44) 0
45) 0
46) 0
47) 0
48) 0
49) 0
50) 0
51) 0
52) 0
53) 0
54) 0
55) 0
56) 0
57) 0
58) 0
59) 0
60) 0
61) 0
62) 0
63) 0
64) 0
65) 0
66) 0
67) 0
68) 0
69) 0
70) 0
71) 0
72) 0
73) 0
74) 0
75) 0
76) 0
77) 0
78) 0
79) 0
80) 0
81) 0
82) 0
83) 0
84) 0
85) 0
86) 0
87) 0
88) 0
89) 0
90) 0
91) 0
92) 0
93) 0
94) 0
95) 1.23687
96) 1.20495
97) 0.934785
98) 0.701585
99) 0.449547
100) 0.24381
101) 0.0894361
102) 2.21459
103) 2.24827
104) 2.36052
105) 2.13155
106) 1.69366
107) 1.20527
108) 0.736823
109) 0.34407
110) 0.050125
111) -0.124621
112) -0.207425
113) 2.74252
114) 3.61192
115) 3.86549
116) 3.8011
117) 3.26705
118) 2.50302
119) 1.68899
120) 0.948377
121) 0.345498
122) -0.0911854
123) -0.352287
124) -0.453482
125) -0.404852
126) 3.9948
127) 5.53278
128) 5.80063
129) 5.71141
130) 4.6325
131) 3.36234
132) 2.09926
133) 1.0222
134) 0.180732
135) -0.408082
136) -0.739871
137) -0.825377
138) -0.674794
139) 3.46205
140) 5.67271
141) 6.3155
142) 4.21464
143) 2.32353
144) 0.860472
145) -0.236685
146) -0.982016
147) -1.37375
148) -1.43337
149) -1.19933
150) -0.80105
151) 4.89937
152) 8.59143
153) 4.51733
154) 2.11965
155) 0.332773
156) -1.00597
157) -1.90957
158) -2.33977
159) -2.33505
160) -1.93748
161) -1.30498
162) 3.70709
163) 6.08906
164) 5.92944
165) 3.70928
166) 1.30517
167) -0.642909
168) -2.21028
169) -3.31047
170) -3.74067
171) -3.62961
172) -2.91059
173) -1.83184
174) 2.5841
175) 4.41483
176) 5.46576
177) 5.65633
178) 5.39574
179) 3.96566
180) 2.09507
181) 0.0345957
182) -1.99936
183) -3.88167
184) -5.38139
185) -5.68285
186) -5.53216
187) -4.24351
188) -2.71563
189) -0.945356
190) 1.89829
191) 2.97751
192) 3.63014
193) 3.73431
194) 3.31566
195) 2.23417
196) 0.67054
197) -1.26272
198) -3.50779
199) -5.9638
200) -5.94043
201) -3.48459
202) 1.31538
203) 1.96667
204) 2.34294
205) 2.33509
206) 1.89848
207) 0.984983
208) -0.384207
209) -2.24801
210) -4.86736
211) -8.5538
212) -4.37076
213) 0.846736
214) 1.23091
215) 1.43988
216) 1.36465
217) 0.958141
218) 0.191489
219) -0.944377
220) -2.47772
221) -4.48574
222) -6.50923
223) -6.0062
224) -3.90091
225) 0.670359
226) 0.821003
227) 0.725499
228) 0.377909
229) -0.232819
230) -1.10709
231) -2.23275
232) -3.5626
233) -4.90824
234) -5.69776
235) -5.77369
236) -5.49507
237) -3.93033
238) 0.403286
239) 0.448275
240) 0.3384
241) 0.0607781
242) -0.393642
243) -1.01851
244) -1.78374
245) -2.6239
246) -3.38709
247) -3.82441
248) -3.85495
249) -3.58634
250) -2.66547
251) 0.208862
252) 0.119063
253) -0.0795055
254) -0.383953
255) -0.789466
256) -1.25969
257) -1.76201
258) -2.19171
259) -2.35784
260) -2.23537
261) -2.13799
262) -0.0942755
263) -0.273251
264) -0.495771
265) -0.703611
266) -0.972778
267) -1.25993
268) -1.21099
